6
14 12 8 6 5 1 
9
256 128 64 32 16 8 4 2 1 
6
13 12 8 6 5 1 
3
3 2 1 
4
5 4 2 1 
6
14 12 8 6 5 1 
42
1000000000 999999488 999997440 999981056 999948288 999817216 999292928 998244352 989855744 973078528 939524096 805306368 536870912 402653184 335544320 301989888 285212672 276824064 272629760 270532608 269484032 268959744 268697600 268566528 268500992 268468224 268451840 268443648 268439552 268437504 268436480 268435968 268435712 268435584 268435520 268435488 268435472 268435464 268435460 268435458 268435457 1 
