1 2 4 3 5
1 2
1 2 4 3 6 5 7
1 2 4 8 3 6 5 10 7 9
1 2
1 2 3
1 2 4 3
1 2 4 3 5
1 2 4 3 6 5
1 2 4 3 6 5 7
1 2 4 8 3 6 5 7
1 2 4 8 3 6 5 7 9
1 2 4 8 3 6 5 10 7 9
1 2 4 8 3 6 5 10 7 9 11
1 2 4 8 3 6 12 5 10 7 9 11
1 2 4 8 3 6 12 5 10 7 9 11 13
1 2 4 8 3 6 12 5 10 7 14 9 11 13
1 2 4 8 3 6 12 5 10 7 14 9 11 13 15
1 2 4 8 16 3 6 12 5 10 7 14 9 11 13 15
1 2 4 8 16 3 6 12 5 10 7 14 9 11 13 15 17
1 2 4 8 16 3 6 12 5 10 7 14 9 18 11 13 15 17
1 2 4 8 16 3 6 12 5 10 7 14 9 18 11 13 15 17 19
1 2 4 8 16 3 6 12 5 10 20 7 14 9 18 11 13 15 17 19
