9
1
1
2
2 1
6
6 4 3 5 2 1
3
3 1 2
19
10 19 7 1 17 11 8 5 12 9 4 18 14 2 6 15 3 16 13
7
5 6 7 1 2 3 4
9
1 5 2 6 3 7 4 8 9
7
1 5 2 6 3 7 4
4
4 3 2 1

4 3 2 1
1  4 3 2
1 2  4 3
1 2 3  4


10 19 7 1 17 11 8 5 12 9 4 18 14 2 6 15 3 16 13
1 2 3  10 19 7 17 11 8 5 12 9 4 18 14 6 15 16 13
1 2 3 4  10 19 7 17 11 8 5 12 9 18 14 6 15 16 13
1 2 3 4 5 6  10 19 7 17 11 8 12 9 18 14 15 16 13
1 2 3 4 5 6 7 8 9 10  19 17 11 12 18 14 15 16 13
1 2 3 4 5 6 7 8 9 10 11 12 13  19 17 18 14 15 16
1 2 3 4 5 6 7 8 9 10 11 12 13 14 15 16  19 17 18
1 2 3 4 5 6 7 8 9 10 11 12 13 14 15 16 17 18 19


6 4 3 5 2 1
1  6 4 3 5 2
1 2  6 4 3 5
1 2 3  6 4 5
1 2 3 4 5 6

3 1 2
1 2  3
