198114437
198114437
200049937
198532673
198951377
198612409
198612409
200049937
196882243
198532673
197199869
196287391
196287391
196882243
196287391
198532673
196287391
197199869
198532673
198532673
197716549
200109979
197199869
200049937
197716549
200250077
200049937
197716549
200250077
197716549
197001319
200250077
196287391
197120437
198951377
198712079
197716549
197120437
197239591
198951377
198612409
198532673
196882243
198951377
197716549
200250077
198951377
200250077
196882243
198951377
198114437
198612409
198951377
197199869
200049937
197716549
197716549
197001319
198712079
197716549
196049701
196882243
196287391
197199869
198712079
198532673
198114437
197716549
196287391
198712079
198114437
198951377
197199869
200250077
200109979
196287391
198532673
196287391
200250077
197716549
198532673
200250077
196882243
196049701
