4 1
5 2
5 3
6 4
7 5
9 6
12 7
17 8
25 9
38 10
59 11
93 12
148 13
237 14
381 15
614 16
991 17
1601 18
2588 19
4185 20
6769 21
10950 22
17715 23
28661 24
46372 25
75029 26
121397 27
196422 28
317815 29
514233 30
832044 31
1346273 32
2178313 33
3524582 34
5702891 35
9227469 36
14930356 37
24157821 38
39088173 39
63245990 40
102334159 41
165580145 42
267914300 43
433494441 44
701408737 45
1134903174 46
1836311907 47
2971215077 48
4807526980 49
7778742053 50
12586269029 51
20365011078 52
32951280103 53
53316291177 54
86267571276 55
139583862449 56
225851433721 57
365435296166 58
591286729883 59
956722026045 60
1548008755924 61
2504730781965 62
4052739537885 63
6557470319846 64
10610209857727 65
17167680177569 66
27777890035292 67
44945570212857 68
72723460248145 69
117669030460998 70
190392490709139 71
308061521170133 72
498454011879268 73
806515533049397 74
1304969544928661 75
2111485077978054 76
3416454622906711 77
5527939700884761 78
8944394323791468 79
14472334024676225 80
23416728348467689 81
37889062373143910 82
61305790721611595 83
99194853094755501 84
160500643816367092 85
259695496911122589 86
420196140727489677 87
679891637638612262 88
1100087778366101935 89
1779979416004714193 90
2880067194370816124 91
4660046610375530313 92
7540113804746346433 93

Test case 1
{ n = 22, k = 4 }

Test case 2
{ n = 3, k = 9 }

Test case 3
{ n = 55, k = 11 }

Test case 4
{ n = 42069, k = 6 }
