
Test case 1
Sequence 1 : 0 11 11 22 
Sequence 2 : 2 10 12 22 
Sequence 3 : 4 9 13 22 
Sequence 4 : 6 8 14 22 
{ total_sequences = 4, n = 22, k = 4 }

Test case 2
Sequence 1 : 3 8412 8415 16827 25242 42069 
Sequence 2 : 8 8409 8417 16826 25243 42069 
Sequence 3 : 13 8406 8419 16825 25244 42069 
Sequence 4 : 18 8403 8421 16824 25245 42069 
Sequence 5 : 23 8400 8423 16823 25246 42069 
Sequence 6 : 28 8397 8425 16822 25247 42069 
Sequence 7 : 33 8394 8427 16821 25248 42069 
Sequence 8 : 38 8391 8429 16820 25249 42069 
Sequence 9 : 43 8388 8431 16819 25250 42069 
Sequence 10 : 48 8385 8433 16818 25251 42069 
Sequence 11 : 53 8382 8435 16817 25252 42069 
Sequence 12 : 58 8379 8437 16816 25253 42069 
Sequence 13 : 63 8376 8439 16815 25254 42069 
Sequence 14 : 68 8373 8441 16814 25255 42069 
Sequence 15 : 73 8370 8443 16813 25256 42069 
Sequence 16 : 78 8367 8445 16812 25257 42069 
Sequence 17 : 83 8364 8447 16811 25258 42069 
Sequence 18 : 88 8361 8449 16810 25259 42069 
Sequence 19 : 93 8358 8451 16809 25260 42069 
Sequence 20 : 98 8355 8453 16808 25261 42069 
Sequence 21 : 103 8352 8455 16807 25262 42069 
Sequence 22 : 108 8349 8457 16806 25263 42069 
Sequence 23 : 113 8346 8459 16805 25264 42069 
Sequence 24 : 118 8343 8461 16804 25265 42069 
Sequence 25 : 123 8340 8463 16803 25266 42069 
Sequence 26 : 128 8337 8465 16802 25267 42069 
Sequence 27 : 133 8334 8467 16801 25268 42069 
Sequence 28 : 138 8331 8469 16800 25269 42069 
Sequence 29 : 143 8328 8471 16799 25270 42069 
Sequence 30 : 148 8325 8473 16798 25271 42069 
Sequence 31 : 153 8322 8475 16797 25272 42069 
Sequence 32 : 158 8319 8477 16796 25273 42069 
Sequence 33 : 163 8316 8479 16795 25274 42069 
Sequence 34 : 168 8313 8481 16794 25275 42069 
Sequence 35 : 173 8310 8483 16793 25276 42069 
Sequence 36 : 178 8307 8485 16792 25277 42069 
Sequence 37 : 183 8304 8487 16791 25278 42069 
Sequence 38 : 188 8301 8489 16790 25279 42069 
Sequence 39 : 193 8298 8491 16789 25280 42069 
Sequence 40 : 198 8295 8493 16788 25281 42069 
Sequence 41 : 203 8292 8495 16787 25282 42069 
Sequence 42 : 208 8289 8497 16786 25283 42069 
Sequence 43 : 213 8286 8499 16785 25284 42069 
Sequence 44 : 218 8283 8501 16784 25285 42069 
Sequence 45 : 223 8280 8503 16783 25286 42069 
Sequence 46 : 228 8277 8505 16782 25287 42069 
Sequence 47 : 233 8274 8507 16781 25288 42069 
Sequence 48 : 238 8271 8509 16780 25289 42069 
Sequence 49 : 243 8268 8511 16779 25290 42069 
Sequence 50 : 248 8265 8513 16778 25291 42069 
Sequence 51 : 253 8262 8515 16777 25292 42069 
Sequence 52 : 258 8259 8517 16776 25293 42069 
Sequence 53 : 263 8256 8519 16775 25294 42069 
Sequence 54 : 268 8253 8521 16774 25295 42069 
Sequence 55 : 273 8250 8523 16773 25296 42069 
Sequence 56 : 278 8247 8525 16772 25297 42069 
Sequence 57 : 283 8244 8527 16771 25298 42069 
Sequence 58 : 288 8241 8529 16770 25299 42069 
Sequence 59 : 293 8238 8531 16769 25300 42069 
Sequence 60 : 298 8235 8533 16768 25301 42069 
Sequence 61 : 303 8232 8535 16767 25302 42069 
Sequence 62 : 308 8229 8537 16766 25303 42069 
Sequence 63 : 313 8226 8539 16765 25304 42069 
Sequence 64 : 318 8223 8541 16764 25305 42069 
Sequence 65 : 323 8220 8543 16763 25306 42069 
Sequence 66 : 328 8217 8545 16762 25307 42069 
Sequence 67 : 333 8214 8547 16761 25308 42069 
Sequence 68 : 338 8211 8549 16760 25309 42069 
Sequence 69 : 343 8208 8551 16759 25310 42069 
Sequence 70 : 348 8205 8553 16758 25311 42069 
Sequence 71 : 353 8202 8555 16757 25312 42069 
Sequence 72 : 358 8199 8557 16756 25313 42069 
Sequence 73 : 363 8196 8559 16755 25314 42069 
Sequence 74 : 368 8193 8561 16754 25315 42069 
Sequence 75 : 373 8190 8563 16753 25316 42069 
Sequence 76 : 378 8187 8565 16752 25317 42069 
Sequence 77 : 383 8184 8567 16751 25318 42069 
Sequence 78 : 388 8181 8569 16750 25319 42069 
Sequence 79 : 393 8178 8571 16749 25320 42069 
Sequence 80 : 398 8175 8573 16748 25321 42069 
Sequence 81 : 403 8172 8575 16747 25322 42069 
Sequence 82 : 408 8169 8577 16746 25323 42069 
Sequence 83 : 413 8166 8579 16745 25324 42069 
Sequence 84 : 418 8163 8581 16744 25325 42069 
Sequence 85 : 423 8160 8583 16743 25326 42069 
Sequence 86 : 428 8157 8585 16742 25327 42069 
Sequence 87 : 433 8154 8587 16741 25328 42069 
Sequence 88 : 438 8151 8589 16740 25329 42069 
Sequence 89 : 443 8148 8591 16739 25330 42069 
Sequence 90 : 448 8145 8593 16738 25331 42069 
Sequence 91 : 453 8142 8595 16737 25332 42069 
Sequence 92 : 458 8139 8597 16736 25333 42069 
Sequence 93 : 463 8136 8599 16735 25334 42069 
Sequence 94 : 468 8133 8601 16734 25335 42069 
Sequence 95 : 473 8130 8603 16733 25336 42069 
Sequence 96 : 478 8127 8605 16732 25337 42069 
Sequence 97 : 483 8124 8607 16731 25338 42069 
Sequence 98 : 488 8121 8609 16730 25339 42069 
Sequence 99 : 493 8118 8611 16729 25340 42069 
Sequence 100 : 498 8115 8613 16728 25341 42069 
Sequence 101 : 503 8112 8615 16727 25342 42069 
Sequence 102 : 508 8109 8617 16726 25343 42069 
Sequence 103 : 513 8106 8619 16725 25344 42069 
Sequence 104 : 518 8103 8621 16724 25345 42069 
Sequence 105 : 523 8100 8623 16723 25346 42069 
Sequence 106 : 528 8097 8625 16722 25347 42069 
Sequence 107 : 533 8094 8627 16721 25348 42069 
Sequence 108 : 538 8091 8629 16720 25349 42069 
Sequence 109 : 543 8088 8631 16719 25350 42069 
Sequence 110 : 548 8085 8633 16718 25351 42069 
Sequence 111 : 553 8082 8635 16717 25352 42069 
Sequence 112 : 558 8079 8637 16716 25353 42069 
Sequence 113 : 563 8076 8639 16715 25354 42069 
Sequence 114 : 568 8073 8641 16714 25355 42069 
Sequence 115 : 573 8070 8643 16713 25356 42069 
Sequence 116 : 578 8067 8645 16712 25357 42069 
Sequence 117 : 583 8064 8647 16711 25358 42069 
Sequence 118 : 588 8061 8649 16710 25359 42069 
Sequence 119 : 593 8058 8651 16709 25360 42069 
Sequence 120 : 598 8055 8653 16708 25361 42069 
Sequence 121 : 603 8052 8655 16707 25362 42069 
Sequence 122 : 608 8049 8657 16706 25363 42069 
Sequence 123 : 613 8046 8659 16705 25364 42069 
Sequence 124 : 618 8043 8661 16704 25365 42069 
Sequence 125 : 623 8040 8663 16703 25366 42069 
Sequence 126 : 628 8037 8665 16702 25367 42069 
Sequence 127 : 633 8034 8667 16701 25368 42069 
Sequence 128 : 638 8031 8669 16700 25369 42069 
Sequence 129 : 643 8028 8671 16699 25370 42069 
Sequence 130 : 648 8025 8673 16698 25371 42069 
Sequence 131 : 653 8022 8675 16697 25372 42069 
Sequence 132 : 658 8019 8677 16696 25373 42069 
Sequence 133 : 663 8016 8679 16695 25374 42069 
Sequence 134 : 668 8013 8681 16694 25375 42069 
Sequence 135 : 673 8010 8683 16693 25376 42069 
Sequence 136 : 678 8007 8685 16692 25377 42069 
Sequence 137 : 683 8004 8687 16691 25378 42069 
Sequence 138 : 688 8001 8689 16690 25379 42069 
Sequence 139 : 693 7998 8691 16689 25380 42069 
Sequence 140 : 698 7995 8693 16688 25381 42069 
Sequence 141 : 703 7992 8695 16687 25382 42069 
Sequence 142 : 708 7989 8697 16686 25383 42069 
Sequence 143 : 713 7986 8699 16685 25384 42069 
Sequence 144 : 718 7983 8701 16684 25385 42069 
Sequence 145 : 723 7980 8703 16683 25386 42069 
Sequence 146 : 728 7977 8705 16682 25387 42069 
Sequence 147 : 733 7974 8707 16681 25388 42069 
Sequence 148 : 738 7971 8709 16680 25389 42069 
Sequence 149 : 743 7968 8711 16679 25390 42069 
Sequence 150 : 748 7965 8713 16678 25391 42069 
Sequence 151 : 753 7962 8715 16677 25392 42069 
Sequence 152 : 758 7959 8717 16676 25393 42069 
Sequence 153 : 763 7956 8719 16675 25394 42069 
Sequence 154 : 768 7953 8721 16674 25395 42069 
Sequence 155 : 773 7950 8723 16673 25396 42069 
Sequence 156 : 778 7947 8725 16672 25397 42069 
Sequence 157 : 783 7944 8727 16671 25398 42069 
Sequence 158 : 788 7941 8729 16670 25399 42069 
Sequence 159 : 793 7938 8731 16669 25400 42069 
Sequence 160 : 798 7935 8733 16668 25401 42069 
Sequence 161 : 803 7932 8735 16667 25402 42069 
Sequence 162 : 808 7929 8737 16666 25403 42069 
Sequence 163 : 813 7926 8739 16665 25404 42069 
Sequence 164 : 818 7923 8741 16664 25405 42069 
Sequence 165 : 823 7920 8743 16663 25406 42069 
Sequence 166 : 828 7917 8745 16662 25407 42069 
Sequence 167 : 833 7914 8747 16661 25408 42069 
Sequence 168 : 838 7911 8749 16660 25409 42069 
Sequence 169 : 843 7908 8751 16659 25410 42069 
Sequence 170 : 848 7905 8753 16658 25411 42069 
Sequence 171 : 853 7902 8755 16657 25412 42069 
Sequence 172 : 858 7899 8757 16656 25413 42069 
Sequence 173 : 863 7896 8759 16655 25414 42069 
Sequence 174 : 868 7893 8761 16654 25415 42069 
Sequence 175 : 873 7890 8763 16653 25416 42069 
Sequence 176 : 878 7887 8765 16652 25417 42069 
Sequence 177 : 883 7884 8767 16651 25418 42069 
Sequence 178 : 888 7881 8769 16650 25419 42069 
Sequence 179 : 893 7878 8771 16649 25420 42069 
Sequence 180 : 898 7875 8773 16648 25421 42069 
Sequence 181 : 903 7872 8775 16647 25422 42069 
Sequence 182 : 908 7869 8777 16646 25423 42069 
Sequence 183 : 913 7866 8779 16645 25424 42069 
Sequence 184 : 918 7863 8781 16644 25425 42069 
Sequence 185 : 923 7860 8783 16643 25426 42069 
Sequence 186 : 928 7857 8785 16642 25427 42069 
Sequence 187 : 933 7854 8787 16641 25428 42069 
Sequence 188 : 938 7851 8789 16640 25429 42069 
Sequence 189 : 943 7848 8791 16639 25430 42069 
Sequence 190 : 948 7845 8793 16638 25431 42069 
Sequence 191 : 953 7842 8795 16637 25432 42069 
Sequence 192 : 958 7839 8797 16636 25433 42069 
Sequence 193 : 963 7836 8799 16635 25434 42069 
Sequence 194 : 968 7833 8801 16634 25435 42069 
Sequence 195 : 973 7830 8803 16633 25436 42069 
Sequence 196 : 978 7827 8805 16632 25437 42069 
Sequence 197 : 983 7824 8807 16631 25438 42069 
Sequence 198 : 988 7821 8809 16630 25439 42069 
Sequence 199 : 993 7818 8811 16629 25440 42069 
Sequence 200 : 998 7815 8813 16628 25441 42069 
Sequence 201 : 1003 7812 8815 16627 25442 42069 
Sequence 202 : 1008 7809 8817 16626 25443 42069 
Sequence 203 : 1013 7806 8819 16625 25444 42069 
Sequence 204 : 1018 7803 8821 16624 25445 42069 
Sequence 205 : 1023 7800 8823 16623 25446 42069 
Sequence 206 : 1028 7797 8825 16622 25447 42069 
Sequence 207 : 1033 7794 8827 16621 25448 42069 
Sequence 208 : 1038 7791 8829 16620 25449 42069 
Sequence 209 : 1043 7788 8831 16619 25450 42069 
Sequence 210 : 1048 7785 8833 16618 25451 42069 
Sequence 211 : 1053 7782 8835 16617 25452 42069 
Sequence 212 : 1058 7779 8837 16616 25453 42069 
Sequence 213 : 1063 7776 8839 16615 25454 42069 
Sequence 214 : 1068 7773 8841 16614 25455 42069 
Sequence 215 : 1073 7770 8843 16613 25456 42069 
Sequence 216 : 1078 7767 8845 16612 25457 42069 
Sequence 217 : 1083 7764 8847 16611 25458 42069 
Sequence 218 : 1088 7761 8849 16610 25459 42069 
Sequence 219 : 1093 7758 8851 16609 25460 42069 
Sequence 220 : 1098 7755 8853 16608 25461 42069 
Sequence 221 : 1103 7752 8855 16607 25462 42069 
Sequence 222 : 1108 7749 8857 16606 25463 42069 
Sequence 223 : 1113 7746 8859 16605 25464 42069 
Sequence 224 : 1118 7743 8861 16604 25465 42069 
Sequence 225 : 1123 7740 8863 16603 25466 42069 
Sequence 226 : 1128 7737 8865 16602 25467 42069 
Sequence 227 : 1133 7734 8867 16601 25468 42069 
Sequence 228 : 1138 7731 8869 16600 25469 42069 
Sequence 229 : 1143 7728 8871 16599 25470 42069 
Sequence 230 : 1148 7725 8873 16598 25471 42069 
Sequence 231 : 1153 7722 8875 16597 25472 42069 
Sequence 232 : 1158 7719 8877 16596 25473 42069 
Sequence 233 : 1163 7716 8879 16595 25474 42069 
Sequence 234 : 1168 7713 8881 16594 25475 42069 
Sequence 235 : 1173 7710 8883 16593 25476 42069 
Sequence 236 : 1178 7707 8885 16592 25477 42069 
Sequence 237 : 1183 7704 8887 16591 25478 42069 
Sequence 238 : 1188 7701 8889 16590 25479 42069 
Sequence 239 : 1193 7698 8891 16589 25480 42069 
Sequence 240 : 1198 7695 8893 16588 25481 42069 
Sequence 241 : 1203 7692 8895 16587 25482 42069 
Sequence 242 : 1208 7689 8897 16586 25483 42069 
Sequence 243 : 1213 7686 8899 16585 25484 42069 
Sequence 244 : 1218 7683 8901 16584 25485 42069 
Sequence 245 : 1223 7680 8903 16583 25486 42069 
Sequence 246 : 1228 7677 8905 16582 25487 42069 
Sequence 247 : 1233 7674 8907 16581 25488 42069 
Sequence 248 : 1238 7671 8909 16580 25489 42069 
Sequence 249 : 1243 7668 8911 16579 25490 42069 
Sequence 250 : 1248 7665 8913 16578 25491 42069 
Sequence 251 : 1253 7662 8915 16577 25492 42069 
Sequence 252 : 1258 7659 8917 16576 25493 42069 
Sequence 253 : 1263 7656 8919 16575 25494 42069 
Sequence 254 : 1268 7653 8921 16574 25495 42069 
Sequence 255 : 1273 7650 8923 16573 25496 42069 
Sequence 256 : 1278 7647 8925 16572 25497 42069 
Sequence 257 : 1283 7644 8927 16571 25498 42069 
Sequence 258 : 1288 7641 8929 16570 25499 42069 
Sequence 259 : 1293 7638 8931 16569 25500 42069 
Sequence 260 : 1298 7635 8933 16568 25501 42069 
Sequence 261 : 1303 7632 8935 16567 25502 42069 
Sequence 262 : 1308 7629 8937 16566 25503 42069 
Sequence 263 : 1313 7626 8939 16565 25504 42069 
Sequence 264 : 1318 7623 8941 16564 25505 42069 
Sequence 265 : 1323 7620 8943 16563 25506 42069 
Sequence 266 : 1328 7617 8945 16562 25507 42069 
Sequence 267 : 1333 7614 8947 16561 25508 42069 
Sequence 268 : 1338 7611 8949 16560 25509 42069 
Sequence 269 : 1343 7608 8951 16559 25510 42069 
Sequence 270 : 1348 7605 8953 16558 25511 42069 
Sequence 271 : 1353 7602 8955 16557 25512 42069 
Sequence 272 : 1358 7599 8957 16556 25513 42069 
Sequence 273 : 1363 7596 8959 16555 25514 42069 
Sequence 274 : 1368 7593 8961 16554 25515 42069 
Sequence 275 : 1373 7590 8963 16553 25516 42069 
Sequence 276 : 1378 7587 8965 16552 25517 42069 
Sequence 277 : 1383 7584 8967 16551 25518 42069 
Sequence 278 : 1388 7581 8969 16550 25519 42069 
Sequence 279 : 1393 7578 8971 16549 25520 42069 
Sequence 280 : 1398 7575 8973 16548 25521 42069 
Sequence 281 : 1403 7572 8975 16547 25522 42069 
Sequence 282 : 1408 7569 8977 16546 25523 42069 
Sequence 283 : 1413 7566 8979 16545 25524 42069 
Sequence 284 : 1418 7563 8981 16544 25525 42069 
Sequence 285 : 1423 7560 8983 16543 25526 42069 
Sequence 286 : 1428 7557 8985 16542 25527 42069 
Sequence 287 : 1433 7554 8987 16541 25528 42069 
Sequence 288 : 1438 7551 8989 16540 25529 42069 
Sequence 289 : 1443 7548 8991 16539 25530 42069 
Sequence 290 : 1448 7545 8993 16538 25531 42069 
Sequence 291 : 1453 7542 8995 16537 25532 42069 
Sequence 292 : 1458 7539 8997 16536 25533 42069 
Sequence 293 : 1463 7536 8999 16535 25534 42069 
Sequence 294 : 1468 7533 9001 16534 25535 42069 
Sequence 295 : 1473 7530 9003 16533 25536 42069 
Sequence 296 : 1478 7527 9005 16532 25537 42069 
Sequence 297 : 1483 7524 9007 16531 25538 42069 
Sequence 298 : 1488 7521 9009 16530 25539 42069 
Sequence 299 : 1493 7518 9011 16529 25540 42069 
Sequence 300 : 1498 7515 9013 16528 25541 42069 
Sequence 301 : 1503 7512 9015 16527 25542 42069 
Sequence 302 : 1508 7509 9017 16526 25543 42069 
Sequence 303 : 1513 7506 9019 16525 25544 42069 
Sequence 304 : 1518 7503 9021 16524 25545 42069 
Sequence 305 : 1523 7500 9023 16523 25546 42069 
Sequence 306 : 1528 7497 9025 16522 25547 42069 
Sequence 307 : 1533 7494 9027 16521 25548 42069 
Sequence 308 : 1538 7491 9029 16520 25549 42069 
Sequence 309 : 1543 7488 9031 16519 25550 42069 
Sequence 310 : 1548 7485 9033 16518 25551 42069 
Sequence 311 : 1553 7482 9035 16517 25552 42069 
Sequence 312 : 1558 7479 9037 16516 25553 42069 
Sequence 313 : 1563 7476 9039 16515 25554 42069 
Sequence 314 : 1568 7473 9041 16514 25555 42069 
Sequence 315 : 1573 7470 9043 16513 25556 42069 
Sequence 316 : 1578 7467 9045 16512 25557 42069 
Sequence 317 : 1583 7464 9047 16511 25558 42069 
Sequence 318 : 1588 7461 9049 16510 25559 42069 
Sequence 319 : 1593 7458 9051 16509 25560 42069 
Sequence 320 : 1598 7455 9053 16508 25561 42069 
Sequence 321 : 1603 7452 9055 16507 25562 42069 
Sequence 322 : 1608 7449 9057 16506 25563 42069 
Sequence 323 : 1613 7446 9059 16505 25564 42069 
Sequence 324 : 1618 7443 9061 16504 25565 42069 
Sequence 325 : 1623 7440 9063 16503 25566 42069 
Sequence 326 : 1628 7437 9065 16502 25567 42069 
Sequence 327 : 1633 7434 9067 16501 25568 42069 
Sequence 328 : 1638 7431 9069 16500 25569 42069 
Sequence 329 : 1643 7428 9071 16499 25570 42069 
Sequence 330 : 1648 7425 9073 16498 25571 42069 
Sequence 331 : 1653 7422 9075 16497 25572 42069 
Sequence 332 : 1658 7419 9077 16496 25573 42069 
Sequence 333 : 1663 7416 9079 16495 25574 42069 
Sequence 334 : 1668 7413 9081 16494 25575 42069 
Sequence 335 : 1673 7410 9083 16493 25576 42069 
Sequence 336 : 1678 7407 9085 16492 25577 42069 
Sequence 337 : 1683 7404 9087 16491 25578 42069 
Sequence 338 : 1688 7401 9089 16490 25579 42069 
Sequence 339 : 1693 7398 9091 16489 25580 42069 
Sequence 340 : 1698 7395 9093 16488 25581 42069 
Sequence 341 : 1703 7392 9095 16487 25582 42069 
Sequence 342 : 1708 7389 9097 16486 25583 42069 
Sequence 343 : 1713 7386 9099 16485 25584 42069 
Sequence 344 : 1718 7383 9101 16484 25585 42069 
Sequence 345 : 1723 7380 9103 16483 25586 42069 
Sequence 346 : 1728 7377 9105 16482 25587 42069 
Sequence 347 : 1733 7374 9107 16481 25588 42069 
Sequence 348 : 1738 7371 9109 16480 25589 42069 
Sequence 349 : 1743 7368 9111 16479 25590 42069 
Sequence 350 : 1748 7365 9113 16478 25591 42069 
Sequence 351 : 1753 7362 9115 16477 25592 42069 
Sequence 352 : 1758 7359 9117 16476 25593 42069 
Sequence 353 : 1763 7356 9119 16475 25594 42069 
Sequence 354 : 1768 7353 9121 16474 25595 42069 
Sequence 355 : 1773 7350 9123 16473 25596 42069 
Sequence 356 : 1778 7347 9125 16472 25597 42069 
Sequence 357 : 1783 7344 9127 16471 25598 42069 
Sequence 358 : 1788 7341 9129 16470 25599 42069 
Sequence 359 : 1793 7338 9131 16469 25600 42069 
Sequence 360 : 1798 7335 9133 16468 25601 42069 
Sequence 361 : 1803 7332 9135 16467 25602 42069 
Sequence 362 : 1808 7329 9137 16466 25603 42069 
Sequence 363 : 1813 7326 9139 16465 25604 42069 
Sequence 364 : 1818 7323 9141 16464 25605 42069 
Sequence 365 : 1823 7320 9143 16463 25606 42069 
Sequence 366 : 1828 7317 9145 16462 25607 42069 
Sequence 367 : 1833 7314 9147 16461 25608 42069 
Sequence 368 : 1838 7311 9149 16460 25609 42069 
Sequence 369 : 1843 7308 9151 16459 25610 42069 
Sequence 370 : 1848 7305 9153 16458 25611 42069 
Sequence 371 : 1853 7302 9155 16457 25612 42069 
Sequence 372 : 1858 7299 9157 16456 25613 42069 
Sequence 373 : 1863 7296 9159 16455 25614 42069 
Sequence 374 : 1868 7293 9161 16454 25615 42069 
Sequence 375 : 1873 7290 9163 16453 25616 42069 
Sequence 376 : 1878 7287 9165 16452 25617 42069 
Sequence 377 : 1883 7284 9167 16451 25618 42069 
Sequence 378 : 1888 7281 9169 16450 25619 42069 
Sequence 379 : 1893 7278 9171 16449 25620 42069 
Sequence 380 : 1898 7275 9173 16448 25621 42069 
Sequence 381 : 1903 7272 9175 16447 25622 42069 
Sequence 382 : 1908 7269 9177 16446 25623 42069 
Sequence 383 : 1913 7266 9179 16445 25624 42069 
Sequence 384 : 1918 7263 9181 16444 25625 42069 
Sequence 385 : 1923 7260 9183 16443 25626 42069 
Sequence 386 : 1928 7257 9185 16442 25627 42069 
Sequence 387 : 1933 7254 9187 16441 25628 42069 
Sequence 388 : 1938 7251 9189 16440 25629 42069 
Sequence 389 : 1943 7248 9191 16439 25630 42069 
Sequence 390 : 1948 7245 9193 16438 25631 42069 
Sequence 391 : 1953 7242 9195 16437 25632 42069 
Sequence 392 : 1958 7239 9197 16436 25633 42069 
Sequence 393 : 1963 7236 9199 16435 25634 42069 
Sequence 394 : 1968 7233 9201 16434 25635 42069 
Sequence 395 : 1973 7230 9203 16433 25636 42069 
Sequence 396 : 1978 7227 9205 16432 25637 42069 
Sequence 397 : 1983 7224 9207 16431 25638 42069 
Sequence 398 : 1988 7221 9209 16430 25639 42069 
Sequence 399 : 1993 7218 9211 16429 25640 42069 
Sequence 400 : 1998 7215 9213 16428 25641 42069 
Sequence 401 : 2003 7212 9215 16427 25642 42069 
Sequence 402 : 2008 7209 9217 16426 25643 42069 
Sequence 403 : 2013 7206 9219 16425 25644 42069 
Sequence 404 : 2018 7203 9221 16424 25645 42069 
Sequence 405 : 2023 7200 9223 16423 25646 42069 
Sequence 406 : 2028 7197 9225 16422 25647 42069 
Sequence 407 : 2033 7194 9227 16421 25648 42069 
Sequence 408 : 2038 7191 9229 16420 25649 42069 
Sequence 409 : 2043 7188 9231 16419 25650 42069 
Sequence 410 : 2048 7185 9233 16418 25651 42069 
Sequence 411 : 2053 7182 9235 16417 25652 42069 
Sequence 412 : 2058 7179 9237 16416 25653 42069 
Sequence 413 : 2063 7176 9239 16415 25654 42069 
Sequence 414 : 2068 7173 9241 16414 25655 42069 
Sequence 415 : 2073 7170 9243 16413 25656 42069 
Sequence 416 : 2078 7167 9245 16412 25657 42069 
Sequence 417 : 2083 7164 9247 16411 25658 42069 
Sequence 418 : 2088 7161 9249 16410 25659 42069 
Sequence 419 : 2093 7158 9251 16409 25660 42069 
Sequence 420 : 2098 7155 9253 16408 25661 42069 
Sequence 421 : 2103 7152 9255 16407 25662 42069 
Sequence 422 : 2108 7149 9257 16406 25663 42069 
Sequence 423 : 2113 7146 9259 16405 25664 42069 
Sequence 424 : 2118 7143 9261 16404 25665 42069 
Sequence 425 : 2123 7140 9263 16403 25666 42069 
Sequence 426 : 2128 7137 9265 16402 25667 42069 
Sequence 427 : 2133 7134 9267 16401 25668 42069 
Sequence 428 : 2138 7131 9269 16400 25669 42069 
Sequence 429 : 2143 7128 9271 16399 25670 42069 
Sequence 430 : 2148 7125 9273 16398 25671 42069 
Sequence 431 : 2153 7122 9275 16397 25672 42069 
Sequence 432 : 2158 7119 9277 16396 25673 42069 
Sequence 433 : 2163 7116 9279 16395 25674 42069 
Sequence 434 : 2168 7113 9281 16394 25675 42069 
Sequence 435 : 2173 7110 9283 16393 25676 42069 
Sequence 436 : 2178 7107 9285 16392 25677 42069 
Sequence 437 : 2183 7104 9287 16391 25678 42069 
Sequence 438 : 2188 7101 9289 16390 25679 42069 
Sequence 439 : 2193 7098 9291 16389 25680 42069 
Sequence 440 : 2198 7095 9293 16388 25681 42069 
Sequence 441 : 2203 7092 9295 16387 25682 42069 
Sequence 442 : 2208 7089 9297 16386 25683 42069 
Sequence 443 : 2213 7086 9299 16385 25684 42069 
Sequence 444 : 2218 7083 9301 16384 25685 42069 
Sequence 445 : 2223 7080 9303 16383 25686 42069 
Sequence 446 : 2228 7077 9305 16382 25687 42069 
Sequence 447 : 2233 7074 9307 16381 25688 42069 
Sequence 448 : 2238 7071 9309 16380 25689 42069 
Sequence 449 : 2243 7068 9311 16379 25690 42069 
Sequence 450 : 2248 7065 9313 16378 25691 42069 
Sequence 451 : 2253 7062 9315 16377 25692 42069 
Sequence 452 : 2258 7059 9317 16376 25693 42069 
Sequence 453 : 2263 7056 9319 16375 25694 42069 
Sequence 454 : 2268 7053 9321 16374 25695 42069 
Sequence 455 : 2273 7050 9323 16373 25696 42069 
Sequence 456 : 2278 7047 9325 16372 25697 42069 
Sequence 457 : 2283 7044 9327 16371 25698 42069 
Sequence 458 : 2288 7041 9329 16370 25699 42069 
Sequence 459 : 2293 7038 9331 16369 25700 42069 
Sequence 460 : 2298 7035 9333 16368 25701 42069 
Sequence 461 : 2303 7032 9335 16367 25702 42069 
Sequence 462 : 2308 7029 9337 16366 25703 42069 
Sequence 463 : 2313 7026 9339 16365 25704 42069 
Sequence 464 : 2318 7023 9341 16364 25705 42069 
Sequence 465 : 2323 7020 9343 16363 25706 42069 
Sequence 466 : 2328 7017 9345 16362 25707 42069 
Sequence 467 : 2333 7014 9347 16361 25708 42069 
Sequence 468 : 2338 7011 9349 16360 25709 42069 
Sequence 469 : 2343 7008 9351 16359 25710 42069 
Sequence 470 : 2348 7005 9353 16358 25711 42069 
Sequence 471 : 2353 7002 9355 16357 25712 42069 
Sequence 472 : 2358 6999 9357 16356 25713 42069 
Sequence 473 : 2363 6996 9359 16355 25714 42069 
Sequence 474 : 2368 6993 9361 16354 25715 42069 
Sequence 475 : 2373 6990 9363 16353 25716 42069 
Sequence 476 : 2378 6987 9365 16352 25717 42069 
Sequence 477 : 2383 6984 9367 16351 25718 42069 
Sequence 478 : 2388 6981 9369 16350 25719 42069 
Sequence 479 : 2393 6978 9371 16349 25720 42069 
Sequence 480 : 2398 6975 9373 16348 25721 42069 
Sequence 481 : 2403 6972 9375 16347 25722 42069 
Sequence 482 : 2408 6969 9377 16346 25723 42069 
Sequence 483 : 2413 6966 9379 16345 25724 42069 
Sequence 484 : 2418 6963 9381 16344 25725 42069 
Sequence 485 : 2423 6960 9383 16343 25726 42069 
Sequence 486 : 2428 6957 9385 16342 25727 42069 
Sequence 487 : 2433 6954 9387 16341 25728 42069 
Sequence 488 : 2438 6951 9389 16340 25729 42069 
Sequence 489 : 2443 6948 9391 16339 25730 42069 
Sequence 490 : 2448 6945 9393 16338 25731 42069 
Sequence 491 : 2453 6942 9395 16337 25732 42069 
Sequence 492 : 2458 6939 9397 16336 25733 42069 
Sequence 493 : 2463 6936 9399 16335 25734 42069 
Sequence 494 : 2468 6933 9401 16334 25735 42069 
Sequence 495 : 2473 6930 9403 16333 25736 42069 
Sequence 496 : 2478 6927 9405 16332 25737 42069 
Sequence 497 : 2483 6924 9407 16331 25738 42069 
Sequence 498 : 2488 6921 9409 16330 25739 42069 
Sequence 499 : 2493 6918 9411 16329 25740 42069 
Sequence 500 : 2498 6915 9413 16328 25741 42069 
Sequence 501 : 2503 6912 9415 16327 25742 42069 
Sequence 502 : 2508 6909 9417 16326 25743 42069 
Sequence 503 : 2513 6906 9419 16325 25744 42069 
Sequence 504 : 2518 6903 9421 16324 25745 42069 
Sequence 505 : 2523 6900 9423 16323 25746 42069 
Sequence 506 : 2528 6897 9425 16322 25747 42069 
Sequence 507 : 2533 6894 9427 16321 25748 42069 
Sequence 508 : 2538 6891 9429 16320 25749 42069 
Sequence 509 : 2543 6888 9431 16319 25750 42069 
Sequence 510 : 2548 6885 9433 16318 25751 42069 
Sequence 511 : 2553 6882 9435 16317 25752 42069 
Sequence 512 : 2558 6879 9437 16316 25753 42069 
Sequence 513 : 2563 6876 9439 16315 25754 42069 
Sequence 514 : 2568 6873 9441 16314 25755 42069 
Sequence 515 : 2573 6870 9443 16313 25756 42069 
Sequence 516 : 2578 6867 9445 16312 25757 42069 
Sequence 517 : 2583 6864 9447 16311 25758 42069 
Sequence 518 : 2588 6861 9449 16310 25759 42069 
Sequence 519 : 2593 6858 9451 16309 25760 42069 
Sequence 520 : 2598 6855 9453 16308 25761 42069 
Sequence 521 : 2603 6852 9455 16307 25762 42069 
Sequence 522 : 2608 6849 9457 16306 25763 42069 
Sequence 523 : 2613 6846 9459 16305 25764 42069 
Sequence 524 : 2618 6843 9461 16304 25765 42069 
Sequence 525 : 2623 6840 9463 16303 25766 42069 
Sequence 526 : 2628 6837 9465 16302 25767 42069 
Sequence 527 : 2633 6834 9467 16301 25768 42069 
Sequence 528 : 2638 6831 9469 16300 25769 42069 
Sequence 529 : 2643 6828 9471 16299 25770 42069 
Sequence 530 : 2648 6825 9473 16298 25771 42069 
Sequence 531 : 2653 6822 9475 16297 25772 42069 
Sequence 532 : 2658 6819 9477 16296 25773 42069 
Sequence 533 : 2663 6816 9479 16295 25774 42069 
Sequence 534 : 2668 6813 9481 16294 25775 42069 
Sequence 535 : 2673 6810 9483 16293 25776 42069 
Sequence 536 : 2678 6807 9485 16292 25777 42069 
Sequence 537 : 2683 6804 9487 16291 25778 42069 
Sequence 538 : 2688 6801 9489 16290 25779 42069 
Sequence 539 : 2693 6798 9491 16289 25780 42069 
Sequence 540 : 2698 6795 9493 16288 25781 42069 
Sequence 541 : 2703 6792 9495 16287 25782 42069 
Sequence 542 : 2708 6789 9497 16286 25783 42069 
Sequence 543 : 2713 6786 9499 16285 25784 42069 
Sequence 544 : 2718 6783 9501 16284 25785 42069 
Sequence 545 : 2723 6780 9503 16283 25786 42069 
Sequence 546 : 2728 6777 9505 16282 25787 42069 
Sequence 547 : 2733 6774 9507 16281 25788 42069 
Sequence 548 : 2738 6771 9509 16280 25789 42069 
Sequence 549 : 2743 6768 9511 16279 25790 42069 
Sequence 550 : 2748 6765 9513 16278 25791 42069 
Sequence 551 : 2753 6762 9515 16277 25792 42069 
Sequence 552 : 2758 6759 9517 16276 25793 42069 
Sequence 553 : 2763 6756 9519 16275 25794 42069 
Sequence 554 : 2768 6753 9521 16274 25795 42069 
Sequence 555 : 2773 6750 9523 16273 25796 42069 
Sequence 556 : 2778 6747 9525 16272 25797 42069 
Sequence 557 : 2783 6744 9527 16271 25798 42069 
Sequence 558 : 2788 6741 9529 16270 25799 42069 
Sequence 559 : 2793 6738 9531 16269 25800 42069 
Sequence 560 : 2798 6735 9533 16268 25801 42069 
Sequence 561 : 2803 6732 9535 16267 25802 42069 
Sequence 562 : 2808 6729 9537 16266 25803 42069 
Sequence 563 : 2813 6726 9539 16265 25804 42069 
Sequence 564 : 2818 6723 9541 16264 25805 42069 
Sequence 565 : 2823 6720 9543 16263 25806 42069 
Sequence 566 : 2828 6717 9545 16262 25807 42069 
Sequence 567 : 2833 6714 9547 16261 25808 42069 
Sequence 568 : 2838 6711 9549 16260 25809 42069 
Sequence 569 : 2843 6708 9551 16259 25810 42069 
Sequence 570 : 2848 6705 9553 16258 25811 42069 
Sequence 571 : 2853 6702 9555 16257 25812 42069 
Sequence 572 : 2858 6699 9557 16256 25813 42069 
Sequence 573 : 2863 6696 9559 16255 25814 42069 
Sequence 574 : 2868 6693 9561 16254 25815 42069 
Sequence 575 : 2873 6690 9563 16253 25816 42069 
Sequence 576 : 2878 6687 9565 16252 25817 42069 
Sequence 577 : 2883 6684 9567 16251 25818 42069 
Sequence 578 : 2888 6681 9569 16250 25819 42069 
Sequence 579 : 2893 6678 9571 16249 25820 42069 
Sequence 580 : 2898 6675 9573 16248 25821 42069 
Sequence 581 : 2903 6672 9575 16247 25822 42069 
Sequence 582 : 2908 6669 9577 16246 25823 42069 
Sequence 583 : 2913 6666 9579 16245 25824 42069 
Sequence 584 : 2918 6663 9581 16244 25825 42069 
Sequence 585 : 2923 6660 9583 16243 25826 42069 
Sequence 586 : 2928 6657 9585 16242 25827 42069 
Sequence 587 : 2933 6654 9587 16241 25828 42069 
Sequence 588 : 2938 6651 9589 16240 25829 42069 
Sequence 589 : 2943 6648 9591 16239 25830 42069 
Sequence 590 : 2948 6645 9593 16238 25831 42069 
Sequence 591 : 2953 6642 9595 16237 25832 42069 
Sequence 592 : 2958 6639 9597 16236 25833 42069 
Sequence 593 : 2963 6636 9599 16235 25834 42069 
Sequence 594 : 2968 6633 9601 16234 25835 42069 
Sequence 595 : 2973 6630 9603 16233 25836 42069 
Sequence 596 : 2978 6627 9605 16232 25837 42069 
Sequence 597 : 2983 6624 9607 16231 25838 42069 
Sequence 598 : 2988 6621 9609 16230 25839 42069 
Sequence 599 : 2993 6618 9611 16229 25840 42069 
Sequence 600 : 2998 6615 9613 16228 25841 42069 
Sequence 601 : 3003 6612 9615 16227 25842 42069 
Sequence 602 : 3008 6609 9617 16226 25843 42069 
Sequence 603 : 3013 6606 9619 16225 25844 42069 
Sequence 604 : 3018 6603 9621 16224 25845 42069 
Sequence 605 : 3023 6600 9623 16223 25846 42069 
Sequence 606 : 3028 6597 9625 16222 25847 42069 
Sequence 607 : 3033 6594 9627 16221 25848 42069 
Sequence 608 : 3038 6591 9629 16220 25849 42069 
Sequence 609 : 3043 6588 9631 16219 25850 42069 
Sequence 610 : 3048 6585 9633 16218 25851 42069 
Sequence 611 : 3053 6582 9635 16217 25852 42069 
Sequence 612 : 3058 6579 9637 16216 25853 42069 
Sequence 613 : 3063 6576 9639 16215 25854 42069 
Sequence 614 : 3068 6573 9641 16214 25855 42069 
Sequence 615 : 3073 6570 9643 16213 25856 42069 
Sequence 616 : 3078 6567 9645 16212 25857 42069 
Sequence 617 : 3083 6564 9647 16211 25858 42069 
Sequence 618 : 3088 6561 9649 16210 25859 42069 
Sequence 619 : 3093 6558 9651 16209 25860 42069 
Sequence 620 : 3098 6555 9653 16208 25861 42069 
Sequence 621 : 3103 6552 9655 16207 25862 42069 
Sequence 622 : 3108 6549 9657 16206 25863 42069 
Sequence 623 : 3113 6546 9659 16205 25864 42069 
Sequence 624 : 3118 6543 9661 16204 25865 42069 
Sequence 625 : 3123 6540 9663 16203 25866 42069 
Sequence 626 : 3128 6537 9665 16202 25867 42069 
Sequence 627 : 3133 6534 9667 16201 25868 42069 
Sequence 628 : 3138 6531 9669 16200 25869 42069 
Sequence 629 : 3143 6528 9671 16199 25870 42069 
Sequence 630 : 3148 6525 9673 16198 25871 42069 
Sequence 631 : 3153 6522 9675 16197 25872 42069 
Sequence 632 : 3158 6519 9677 16196 25873 42069 
Sequence 633 : 3163 6516 9679 16195 25874 42069 
Sequence 634 : 3168 6513 9681 16194 25875 42069 
Sequence 635 : 3173 6510 9683 16193 25876 42069 
Sequence 636 : 3178 6507 9685 16192 25877 42069 
Sequence 637 : 3183 6504 9687 16191 25878 42069 
Sequence 638 : 3188 6501 9689 16190 25879 42069 
Sequence 639 : 3193 6498 9691 16189 25880 42069 
Sequence 640 : 3198 6495 9693 16188 25881 42069 
Sequence 641 : 3203 6492 9695 16187 25882 42069 
Sequence 642 : 3208 6489 9697 16186 25883 42069 
Sequence 643 : 3213 6486 9699 16185 25884 42069 
Sequence 644 : 3218 6483 9701 16184 25885 42069 
Sequence 645 : 3223 6480 9703 16183 25886 42069 
Sequence 646 : 3228 6477 9705 16182 25887 42069 
Sequence 647 : 3233 6474 9707 16181 25888 42069 
Sequence 648 : 3238 6471 9709 16180 25889 42069 
Sequence 649 : 3243 6468 9711 16179 25890 42069 
Sequence 650 : 3248 6465 9713 16178 25891 42069 
Sequence 651 : 3253 6462 9715 16177 25892 42069 
Sequence 652 : 3258 6459 9717 16176 25893 42069 
Sequence 653 : 3263 6456 9719 16175 25894 42069 
Sequence 654 : 3268 6453 9721 16174 25895 42069 
Sequence 655 : 3273 6450 9723 16173 25896 42069 
Sequence 656 : 3278 6447 9725 16172 25897 42069 
Sequence 657 : 3283 6444 9727 16171 25898 42069 
Sequence 658 : 3288 6441 9729 16170 25899 42069 
Sequence 659 : 3293 6438 9731 16169 25900 42069 
Sequence 660 : 3298 6435 9733 16168 25901 42069 
Sequence 661 : 3303 6432 9735 16167 25902 42069 
Sequence 662 : 3308 6429 9737 16166 25903 42069 
Sequence 663 : 3313 6426 9739 16165 25904 42069 
Sequence 664 : 3318 6423 9741 16164 25905 42069 
Sequence 665 : 3323 6420 9743 16163 25906 42069 
Sequence 666 : 3328 6417 9745 16162 25907 42069 
Sequence 667 : 3333 6414 9747 16161 25908 42069 
Sequence 668 : 3338 6411 9749 16160 25909 42069 
Sequence 669 : 3343 6408 9751 16159 25910 42069 
Sequence 670 : 3348 6405 9753 16158 25911 42069 
Sequence 671 : 3353 6402 9755 16157 25912 42069 
Sequence 672 : 3358 6399 9757 16156 25913 42069 
Sequence 673 : 3363 6396 9759 16155 25914 42069 
Sequence 674 : 3368 6393 9761 16154 25915 42069 
Sequence 675 : 3373 6390 9763 16153 25916 42069 
Sequence 676 : 3378 6387 9765 16152 25917 42069 
Sequence 677 : 3383 6384 9767 16151 25918 42069 
Sequence 678 : 3388 6381 9769 16150 25919 42069 
Sequence 679 : 3393 6378 9771 16149 25920 42069 
Sequence 680 : 3398 6375 9773 16148 25921 42069 
Sequence 681 : 3403 6372 9775 16147 25922 42069 
Sequence 682 : 3408 6369 9777 16146 25923 42069 
Sequence 683 : 3413 6366 9779 16145 25924 42069 
Sequence 684 : 3418 6363 9781 16144 25925 42069 
Sequence 685 : 3423 6360 9783 16143 25926 42069 
Sequence 686 : 3428 6357 9785 16142 25927 42069 
Sequence 687 : 3433 6354 9787 16141 25928 42069 
Sequence 688 : 3438 6351 9789 16140 25929 42069 
Sequence 689 : 3443 6348 9791 16139 25930 42069 
Sequence 690 : 3448 6345 9793 16138 25931 42069 
Sequence 691 : 3453 6342 9795 16137 25932 42069 
Sequence 692 : 3458 6339 9797 16136 25933 42069 
Sequence 693 : 3463 6336 9799 16135 25934 42069 
Sequence 694 : 3468 6333 9801 16134 25935 42069 
Sequence 695 : 3473 6330 9803 16133 25936 42069 
Sequence 696 : 3478 6327 9805 16132 25937 42069 
Sequence 697 : 3483 6324 9807 16131 25938 42069 
Sequence 698 : 3488 6321 9809 16130 25939 42069 
Sequence 699 : 3493 6318 9811 16129 25940 42069 
Sequence 700 : 3498 6315 9813 16128 25941 42069 
Sequence 701 : 3503 6312 9815 16127 25942 42069 
Sequence 702 : 3508 6309 9817 16126 25943 42069 
Sequence 703 : 3513 6306 9819 16125 25944 42069 
Sequence 704 : 3518 6303 9821 16124 25945 42069 
Sequence 705 : 3523 6300 9823 16123 25946 42069 
Sequence 706 : 3528 6297 9825 16122 25947 42069 
Sequence 707 : 3533 6294 9827 16121 25948 42069 
Sequence 708 : 3538 6291 9829 16120 25949 42069 
Sequence 709 : 3543 6288 9831 16119 25950 42069 
Sequence 710 : 3548 6285 9833 16118 25951 42069 
Sequence 711 : 3553 6282 9835 16117 25952 42069 
Sequence 712 : 3558 6279 9837 16116 25953 42069 
Sequence 713 : 3563 6276 9839 16115 25954 42069 
Sequence 714 : 3568 6273 9841 16114 25955 42069 
Sequence 715 : 3573 6270 9843 16113 25956 42069 
Sequence 716 : 3578 6267 9845 16112 25957 42069 
Sequence 717 : 3583 6264 9847 16111 25958 42069 
Sequence 718 : 3588 6261 9849 16110 25959 42069 
Sequence 719 : 3593 6258 9851 16109 25960 42069 
Sequence 720 : 3598 6255 9853 16108 25961 42069 
Sequence 721 : 3603 6252 9855 16107 25962 42069 
Sequence 722 : 3608 6249 9857 16106 25963 42069 
Sequence 723 : 3613 6246 9859 16105 25964 42069 
Sequence 724 : 3618 6243 9861 16104 25965 42069 
Sequence 725 : 3623 6240 9863 16103 25966 42069 
Sequence 726 : 3628 6237 9865 16102 25967 42069 
Sequence 727 : 3633 6234 9867 16101 25968 42069 
Sequence 728 : 3638 6231 9869 16100 25969 42069 
Sequence 729 : 3643 6228 9871 16099 25970 42069 
Sequence 730 : 3648 6225 9873 16098 25971 42069 
Sequence 731 : 3653 6222 9875 16097 25972 42069 
Sequence 732 : 3658 6219 9877 16096 25973 42069 
Sequence 733 : 3663 6216 9879 16095 25974 42069 
Sequence 734 : 3668 6213 9881 16094 25975 42069 
Sequence 735 : 3673 6210 9883 16093 25976 42069 
Sequence 736 : 3678 6207 9885 16092 25977 42069 
Sequence 737 : 3683 6204 9887 16091 25978 42069 
Sequence 738 : 3688 6201 9889 16090 25979 42069 
Sequence 739 : 3693 6198 9891 16089 25980 42069 
Sequence 740 : 3698 6195 9893 16088 25981 42069 
Sequence 741 : 3703 6192 9895 16087 25982 42069 
Sequence 742 : 3708 6189 9897 16086 25983 42069 
Sequence 743 : 3713 6186 9899 16085 25984 42069 
Sequence 744 : 3718 6183 9901 16084 25985 42069 
Sequence 745 : 3723 6180 9903 16083 25986 42069 
Sequence 746 : 3728 6177 9905 16082 25987 42069 
Sequence 747 : 3733 6174 9907 16081 25988 42069 
Sequence 748 : 3738 6171 9909 16080 25989 42069 
Sequence 749 : 3743 6168 9911 16079 25990 42069 
Sequence 750 : 3748 6165 9913 16078 25991 42069 
Sequence 751 : 3753 6162 9915 16077 25992 42069 
Sequence 752 : 3758 6159 9917 16076 25993 42069 
Sequence 753 : 3763 6156 9919 16075 25994 42069 
Sequence 754 : 3768 6153 9921 16074 25995 42069 
Sequence 755 : 3773 6150 9923 16073 25996 42069 
Sequence 756 : 3778 6147 9925 16072 25997 42069 
Sequence 757 : 3783 6144 9927 16071 25998 42069 
Sequence 758 : 3788 6141 9929 16070 25999 42069 
Sequence 759 : 3793 6138 9931 16069 26000 42069 
Sequence 760 : 3798 6135 9933 16068 26001 42069 
Sequence 761 : 3803 6132 9935 16067 26002 42069 
Sequence 762 : 3808 6129 9937 16066 26003 42069 
Sequence 763 : 3813 6126 9939 16065 26004 42069 
Sequence 764 : 3818 6123 9941 16064 26005 42069 
Sequence 765 : 3823 6120 9943 16063 26006 42069 
Sequence 766 : 3828 6117 9945 16062 26007 42069 
Sequence 767 : 3833 6114 9947 16061 26008 42069 
Sequence 768 : 3838 6111 9949 16060 26009 42069 
Sequence 769 : 3843 6108 9951 16059 26010 42069 
Sequence 770 : 3848 6105 9953 16058 26011 42069 
Sequence 771 : 3853 6102 9955 16057 26012 42069 
Sequence 772 : 3858 6099 9957 16056 26013 42069 
Sequence 773 : 3863 6096 9959 16055 26014 42069 
Sequence 774 : 3868 6093 9961 16054 26015 42069 
Sequence 775 : 3873 6090 9963 16053 26016 42069 
Sequence 776 : 3878 6087 9965 16052 26017 42069 
Sequence 777 : 3883 6084 9967 16051 26018 42069 
Sequence 778 : 3888 6081 9969 16050 26019 42069 
Sequence 779 : 3893 6078 9971 16049 26020 42069 
Sequence 780 : 3898 6075 9973 16048 26021 42069 
Sequence 781 : 3903 6072 9975 16047 26022 42069 
Sequence 782 : 3908 6069 9977 16046 26023 42069 
Sequence 783 : 3913 6066 9979 16045 26024 42069 
Sequence 784 : 3918 6063 9981 16044 26025 42069 
Sequence 785 : 3923 6060 9983 16043 26026 42069 
Sequence 786 : 3928 6057 9985 16042 26027 42069 
Sequence 787 : 3933 6054 9987 16041 26028 42069 
Sequence 788 : 3938 6051 9989 16040 26029 42069 
Sequence 789 : 3943 6048 9991 16039 26030 42069 
Sequence 790 : 3948 6045 9993 16038 26031 42069 
Sequence 791 : 3953 6042 9995 16037 26032 42069 
Sequence 792 : 3958 6039 9997 16036 26033 42069 
Sequence 793 : 3963 6036 9999 16035 26034 42069 
Sequence 794 : 3968 6033 10001 16034 26035 42069 
Sequence 795 : 3973 6030 10003 16033 26036 42069 
Sequence 796 : 3978 6027 10005 16032 26037 42069 
Sequence 797 : 3983 6024 10007 16031 26038 42069 
Sequence 798 : 3988 6021 10009 16030 26039 42069 
Sequence 799 : 3993 6018 10011 16029 26040 42069 
Sequence 800 : 3998 6015 10013 16028 26041 42069 
Sequence 801 : 4003 6012 10015 16027 26042 42069 
Sequence 802 : 4008 6009 10017 16026 26043 42069 
Sequence 803 : 4013 6006 10019 16025 26044 42069 
Sequence 804 : 4018 6003 10021 16024 26045 42069 
Sequence 805 : 4023 6000 10023 16023 26046 42069 
Sequence 806 : 4028 5997 10025 16022 26047 42069 
Sequence 807 : 4033 5994 10027 16021 26048 42069 
Sequence 808 : 4038 5991 10029 16020 26049 42069 
Sequence 809 : 4043 5988 10031 16019 26050 42069 
Sequence 810 : 4048 5985 10033 16018 26051 42069 
Sequence 811 : 4053 5982 10035 16017 26052 42069 
Sequence 812 : 4058 5979 10037 16016 26053 42069 
Sequence 813 : 4063 5976 10039 16015 26054 42069 
Sequence 814 : 4068 5973 10041 16014 26055 42069 
Sequence 815 : 4073 5970 10043 16013 26056 42069 
Sequence 816 : 4078 5967 10045 16012 26057 42069 
Sequence 817 : 4083 5964 10047 16011 26058 42069 
Sequence 818 : 4088 5961 10049 16010 26059 42069 
Sequence 819 : 4093 5958 10051 16009 26060 42069 
Sequence 820 : 4098 5955 10053 16008 26061 42069 
Sequence 821 : 4103 5952 10055 16007 26062 42069 
Sequence 822 : 4108 5949 10057 16006 26063 42069 
Sequence 823 : 4113 5946 10059 16005 26064 42069 
Sequence 824 : 4118 5943 10061 16004 26065 42069 
Sequence 825 : 4123 5940 10063 16003 26066 42069 
Sequence 826 : 4128 5937 10065 16002 26067 42069 
Sequence 827 : 4133 5934 10067 16001 26068 42069 
Sequence 828 : 4138 5931 10069 16000 26069 42069 
Sequence 829 : 4143 5928 10071 15999 26070 42069 
Sequence 830 : 4148 5925 10073 15998 26071 42069 
Sequence 831 : 4153 5922 10075 15997 26072 42069 
Sequence 832 : 4158 5919 10077 15996 26073 42069 
Sequence 833 : 4163 5916 10079 15995 26074 42069 
Sequence 834 : 4168 5913 10081 15994 26075 42069 
Sequence 835 : 4173 5910 10083 15993 26076 42069 
Sequence 836 : 4178 5907 10085 15992 26077 42069 
Sequence 837 : 4183 5904 10087 15991 26078 42069 
Sequence 838 : 4188 5901 10089 15990 26079 42069 
Sequence 839 : 4193 5898 10091 15989 26080 42069 
Sequence 840 : 4198 5895 10093 15988 26081 42069 
Sequence 841 : 4203 5892 10095 15987 26082 42069 
Sequence 842 : 4208 5889 10097 15986 26083 42069 
Sequence 843 : 4213 5886 10099 15985 26084 42069 
Sequence 844 : 4218 5883 10101 15984 26085 42069 
Sequence 845 : 4223 5880 10103 15983 26086 42069 
Sequence 846 : 4228 5877 10105 15982 26087 42069 
Sequence 847 : 4233 5874 10107 15981 26088 42069 
Sequence 848 : 4238 5871 10109 15980 26089 42069 
Sequence 849 : 4243 5868 10111 15979 26090 42069 
Sequence 850 : 4248 5865 10113 15978 26091 42069 
Sequence 851 : 4253 5862 10115 15977 26092 42069 
Sequence 852 : 4258 5859 10117 15976 26093 42069 
Sequence 853 : 4263 5856 10119 15975 26094 42069 
Sequence 854 : 4268 5853 10121 15974 26095 42069 
Sequence 855 : 4273 5850 10123 15973 26096 42069 
Sequence 856 : 4278 5847 10125 15972 26097 42069 
Sequence 857 : 4283 5844 10127 15971 26098 42069 
Sequence 858 : 4288 5841 10129 15970 26099 42069 
Sequence 859 : 4293 5838 10131 15969 26100 42069 
Sequence 860 : 4298 5835 10133 15968 26101 42069 
Sequence 861 : 4303 5832 10135 15967 26102 42069 
Sequence 862 : 4308 5829 10137 15966 26103 42069 
Sequence 863 : 4313 5826 10139 15965 26104 42069 
Sequence 864 : 4318 5823 10141 15964 26105 42069 
Sequence 865 : 4323 5820 10143 15963 26106 42069 
Sequence 866 : 4328 5817 10145 15962 26107 42069 
Sequence 867 : 4333 5814 10147 15961 26108 42069 
Sequence 868 : 4338 5811 10149 15960 26109 42069 
Sequence 869 : 4343 5808 10151 15959 26110 42069 
Sequence 870 : 4348 5805 10153 15958 26111 42069 
Sequence 871 : 4353 5802 10155 15957 26112 42069 
Sequence 872 : 4358 5799 10157 15956 26113 42069 
Sequence 873 : 4363 5796 10159 15955 26114 42069 
Sequence 874 : 4368 5793 10161 15954 26115 42069 
Sequence 875 : 4373 5790 10163 15953 26116 42069 
Sequence 876 : 4378 5787 10165 15952 26117 42069 
Sequence 877 : 4383 5784 10167 15951 26118 42069 
Sequence 878 : 4388 5781 10169 15950 26119 42069 
Sequence 879 : 4393 5778 10171 15949 26120 42069 
Sequence 880 : 4398 5775 10173 15948 26121 42069 
Sequence 881 : 4403 5772 10175 15947 26122 42069 
Sequence 882 : 4408 5769 10177 15946 26123 42069 
Sequence 883 : 4413 5766 10179 15945 26124 42069 
Sequence 884 : 4418 5763 10181 15944 26125 42069 
Sequence 885 : 4423 5760 10183 15943 26126 42069 
Sequence 886 : 4428 5757 10185 15942 26127 42069 
Sequence 887 : 4433 5754 10187 15941 26128 42069 
Sequence 888 : 4438 5751 10189 15940 26129 42069 
Sequence 889 : 4443 5748 10191 15939 26130 42069 
Sequence 890 : 4448 5745 10193 15938 26131 42069 
Sequence 891 : 4453 5742 10195 15937 26132 42069 
Sequence 892 : 4458 5739 10197 15936 26133 42069 
Sequence 893 : 4463 5736 10199 15935 26134 42069 
Sequence 894 : 4468 5733 10201 15934 26135 42069 
Sequence 895 : 4473 5730 10203 15933 26136 42069 
Sequence 896 : 4478 5727 10205 15932 26137 42069 
Sequence 897 : 4483 5724 10207 15931 26138 42069 
Sequence 898 : 4488 5721 10209 15930 26139 42069 
Sequence 899 : 4493 5718 10211 15929 26140 42069 
Sequence 900 : 4498 5715 10213 15928 26141 42069 
Sequence 901 : 4503 5712 10215 15927 26142 42069 
Sequence 902 : 4508 5709 10217 15926 26143 42069 
Sequence 903 : 4513 5706 10219 15925 26144 42069 
Sequence 904 : 4518 5703 10221 15924 26145 42069 
Sequence 905 : 4523 5700 10223 15923 26146 42069 
Sequence 906 : 4528 5697 10225 15922 26147 42069 
Sequence 907 : 4533 5694 10227 15921 26148 42069 
Sequence 908 : 4538 5691 10229 15920 26149 42069 
Sequence 909 : 4543 5688 10231 15919 26150 42069 
Sequence 910 : 4548 5685 10233 15918 26151 42069 
Sequence 911 : 4553 5682 10235 15917 26152 42069 
Sequence 912 : 4558 5679 10237 15916 26153 42069 
Sequence 913 : 4563 5676 10239 15915 26154 42069 
Sequence 914 : 4568 5673 10241 15914 26155 42069 
Sequence 915 : 4573 5670 10243 15913 26156 42069 
Sequence 916 : 4578 5667 10245 15912 26157 42069 
Sequence 917 : 4583 5664 10247 15911 26158 42069 
Sequence 918 : 4588 5661 10249 15910 26159 42069 
Sequence 919 : 4593 5658 10251 15909 26160 42069 
Sequence 920 : 4598 5655 10253 15908 26161 42069 
Sequence 921 : 4603 5652 10255 15907 26162 42069 
Sequence 922 : 4608 5649 10257 15906 26163 42069 
Sequence 923 : 4613 5646 10259 15905 26164 42069 
Sequence 924 : 4618 5643 10261 15904 26165 42069 
Sequence 925 : 4623 5640 10263 15903 26166 42069 
Sequence 926 : 4628 5637 10265 15902 26167 42069 
Sequence 927 : 4633 5634 10267 15901 26168 42069 
Sequence 928 : 4638 5631 10269 15900 26169 42069 
Sequence 929 : 4643 5628 10271 15899 26170 42069 
Sequence 930 : 4648 5625 10273 15898 26171 42069 
Sequence 931 : 4653 5622 10275 15897 26172 42069 
Sequence 932 : 4658 5619 10277 15896 26173 42069 
Sequence 933 : 4663 5616 10279 15895 26174 42069 
Sequence 934 : 4668 5613 10281 15894 26175 42069 
Sequence 935 : 4673 5610 10283 15893 26176 42069 
Sequence 936 : 4678 5607 10285 15892 26177 42069 
Sequence 937 : 4683 5604 10287 15891 26178 42069 
Sequence 938 : 4688 5601 10289 15890 26179 42069 
Sequence 939 : 4693 5598 10291 15889 26180 42069 
Sequence 940 : 4698 5595 10293 15888 26181 42069 
Sequence 941 : 4703 5592 10295 15887 26182 42069 
Sequence 942 : 4708 5589 10297 15886 26183 42069 
Sequence 943 : 4713 5586 10299 15885 26184 42069 
Sequence 944 : 4718 5583 10301 15884 26185 42069 
Sequence 945 : 4723 5580 10303 15883 26186 42069 
Sequence 946 : 4728 5577 10305 15882 26187 42069 
Sequence 947 : 4733 5574 10307 15881 26188 42069 
Sequence 948 : 4738 5571 10309 15880 26189 42069 
Sequence 949 : 4743 5568 10311 15879 26190 42069 
Sequence 950 : 4748 5565 10313 15878 26191 42069 
Sequence 951 : 4753 5562 10315 15877 26192 42069 
Sequence 952 : 4758 5559 10317 15876 26193 42069 
Sequence 953 : 4763 5556 10319 15875 26194 42069 
Sequence 954 : 4768 5553 10321 15874 26195 42069 
Sequence 955 : 4773 5550 10323 15873 26196 42069 
Sequence 956 : 4778 5547 10325 15872 26197 42069 
Sequence 957 : 4783 5544 10327 15871 26198 42069 
Sequence 958 : 4788 5541 10329 15870 26199 42069 
Sequence 959 : 4793 5538 10331 15869 26200 42069 
Sequence 960 : 4798 5535 10333 15868 26201 42069 
Sequence 961 : 4803 5532 10335 15867 26202 42069 
Sequence 962 : 4808 5529 10337 15866 26203 42069 
Sequence 963 : 4813 5526 10339 15865 26204 42069 
Sequence 964 : 4818 5523 10341 15864 26205 42069 
Sequence 965 : 4823 5520 10343 15863 26206 42069 
Sequence 966 : 4828 5517 10345 15862 26207 42069 
Sequence 967 : 4833 5514 10347 15861 26208 42069 
Sequence 968 : 4838 5511 10349 15860 26209 42069 
Sequence 969 : 4843 5508 10351 15859 26210 42069 
Sequence 970 : 4848 5505 10353 15858 26211 42069 
Sequence 971 : 4853 5502 10355 15857 26212 42069 
Sequence 972 : 4858 5499 10357 15856 26213 42069 
Sequence 973 : 4863 5496 10359 15855 26214 42069 
Sequence 974 : 4868 5493 10361 15854 26215 42069 
Sequence 975 : 4873 5490 10363 15853 26216 42069 
Sequence 976 : 4878 5487 10365 15852 26217 42069 
Sequence 977 : 4883 5484 10367 15851 26218 42069 
Sequence 978 : 4888 5481 10369 15850 26219 42069 
Sequence 979 : 4893 5478 10371 15849 26220 42069 
Sequence 980 : 4898 5475 10373 15848 26221 42069 
Sequence 981 : 4903 5472 10375 15847 26222 42069 
Sequence 982 : 4908 5469 10377 15846 26223 42069 
Sequence 983 : 4913 5466 10379 15845 26224 42069 
Sequence 984 : 4918 5463 10381 15844 26225 42069 
Sequence 985 : 4923 5460 10383 15843 26226 42069 
Sequence 986 : 4928 5457 10385 15842 26227 42069 
Sequence 987 : 4933 5454 10387 15841 26228 42069 
Sequence 988 : 4938 5451 10389 15840 26229 42069 
Sequence 989 : 4943 5448 10391 15839 26230 42069 
Sequence 990 : 4948 5445 10393 15838 26231 42069 
Sequence 991 : 4953 5442 10395 15837 26232 42069 
Sequence 992 : 4958 5439 10397 15836 26233 42069 
Sequence 993 : 4963 5436 10399 15835 26234 42069 
Sequence 994 : 4968 5433 10401 15834 26235 42069 
Sequence 995 : 4973 5430 10403 15833 26236 42069 
Sequence 996 : 4978 5427 10405 15832 26237 42069 
Sequence 997 : 4983 5424 10407 15831 26238 42069 
Sequence 998 : 4988 5421 10409 15830 26239 42069 
Sequence 999 : 4993 5418 10411 15829 26240 42069 
Sequence 1000 : 4998 5415 10413 15828 26241 42069 
Sequence 1001 : 5003 5412 10415 15827 26242 42069 
Sequence 1002 : 5008 5409 10417 15826 26243 42069 
Sequence 1003 : 5013 5406 10419 15825 26244 42069 
Sequence 1004 : 5018 5403 10421 15824 26245 42069 
Sequence 1005 : 5023 5400 10423 15823 26246 42069 
Sequence 1006 : 5028 5397 10425 15822 26247 42069 
Sequence 1007 : 5033 5394 10427 15821 26248 42069 
Sequence 1008 : 5038 5391 10429 15820 26249 42069 
Sequence 1009 : 5043 5388 10431 15819 26250 42069 
Sequence 1010 : 5048 5385 10433 15818 26251 42069 
Sequence 1011 : 5053 5382 10435 15817 26252 42069 
Sequence 1012 : 5058 5379 10437 15816 26253 42069 
Sequence 1013 : 5063 5376 10439 15815 26254 42069 
Sequence 1014 : 5068 5373 10441 15814 26255 42069 
Sequence 1015 : 5073 5370 10443 15813 26256 42069 
Sequence 1016 : 5078 5367 10445 15812 26257 42069 
Sequence 1017 : 5083 5364 10447 15811 26258 42069 
Sequence 1018 : 5088 5361 10449 15810 26259 42069 
Sequence 1019 : 5093 5358 10451 15809 26260 42069 
Sequence 1020 : 5098 5355 10453 15808 26261 42069 
Sequence 1021 : 5103 5352 10455 15807 26262 42069 
Sequence 1022 : 5108 5349 10457 15806 26263 42069 
Sequence 1023 : 5113 5346 10459 15805 26264 42069 
Sequence 1024 : 5118 5343 10461 15804 26265 42069 
Sequence 1025 : 5123 5340 10463 15803 26266 42069 
Sequence 1026 : 5128 5337 10465 15802 26267 42069 
Sequence 1027 : 5133 5334 10467 15801 26268 42069 
Sequence 1028 : 5138 5331 10469 15800 26269 42069 
Sequence 1029 : 5143 5328 10471 15799 26270 42069 
Sequence 1030 : 5148 5325 10473 15798 26271 42069 
Sequence 1031 : 5153 5322 10475 15797 26272 42069 
Sequence 1032 : 5158 5319 10477 15796 26273 42069 
Sequence 1033 : 5163 5316 10479 15795 26274 42069 
Sequence 1034 : 5168 5313 10481 15794 26275 42069 
Sequence 1035 : 5173 5310 10483 15793 26276 42069 
Sequence 1036 : 5178 5307 10485 15792 26277 42069 
Sequence 1037 : 5183 5304 10487 15791 26278 42069 
Sequence 1038 : 5188 5301 10489 15790 26279 42069 
Sequence 1039 : 5193 5298 10491 15789 26280 42069 
Sequence 1040 : 5198 5295 10493 15788 26281 42069 
Sequence 1041 : 5203 5292 10495 15787 26282 42069 
Sequence 1042 : 5208 5289 10497 15786 26283 42069 
Sequence 1043 : 5213 5286 10499 15785 26284 42069 
Sequence 1044 : 5218 5283 10501 15784 26285 42069 
Sequence 1045 : 5223 5280 10503 15783 26286 42069 
Sequence 1046 : 5228 5277 10505 15782 26287 42069 
Sequence 1047 : 5233 5274 10507 15781 26288 42069 
Sequence 1048 : 5238 5271 10509 15780 26289 42069 
Sequence 1049 : 5243 5268 10511 15779 26290 42069 
Sequence 1050 : 5248 5265 10513 15778 26291 42069 
Sequence 1051 : 5253 5262 10515 15777 26292 42069 
Sequence 1052 : 5258 5259 10517 15776 26293 42069 
{ total_sequences = 1052, n = 42069, k = 6 }
