1
-1
9 3 6 
2 5 8 
4 7 1 
16 3 6 10 
14 5 9 13 
4 8 12 16 
17 11 15 1 
25 3 6 10 15 
2 5 9 14 19 
4 8 13 18 23 
7 12 17 22 26 
11 16 21 25 1 
36 3 6 10 15 21 
2 5 9 14 20 26 
4 8 13 19 25 31 
7 12 18 24 30 35 
11 17 23 29 34 38 
16 22 28 33 37 1 
49 3 6 10 15 21 28 
2 5 9 14 20 27 34 
4 8 13 19 26 33 40 
7 12 18 25 32 39 45 
11 17 24 31 38 44 49 
16 23 30 37 43 48 52 
22 29 36 42 47 51 1 
64 3 6 10 15 21 28 36 
44 5 9 14 20 27 35 43 
4 8 13 19 26 34 42 50 
51 12 18 25 33 41 49 56 
57 17 24 32 40 48 55 61 
62 23 31 39 47 54 60 65 
66 30 38 46 53 59 64 68 
69 37 45 52 58 63 67 1 
81 3 6 10 15 21 28 36 45 
2 5 9 14 20 27 35 44 53 
4 8 13 19 26 34 43 52 61 
7 12 18 25 33 42 51 60 68 
11 17 24 32 41 50 59 67 74 
16 23 31 40 49 58 66 73 79 
22 30 39 48 57 65 72 78 83 
29 38 47 56 64 71 77 82 86 
37 46 55 63 70 76 81 85 1 
100 3 6 10 15 21 28 36 45 55 
2 5 9 14 20 27 35 44 54 64 
4 8 13 19 26 34 43 53 63 73 
7 12 18 25 33 42 52 62 72 81 
11 17 24 32 41 51 61 71 80 88 
16 23 31 40 50 60 70 79 87 94 
22 30 39 49 59 69 78 86 93 99 
29 38 48 58 68 77 85 92 98 103 
37 47 57 67 76 84 91 97 102 106 
46 56 66 75 83 90 96 101 105 1 
